a01-000u-00-05,16,33,47,54,70,83,97,111
a01-000u-00-06,12,25,44
a01-000u-01-00,9,20,39,44,59,78,91,98,111
a01-000u-01-03,17,44,59,76,100
a01-000u-02-06,23,36,50,65,73,90
a01-000u-02-07,20
a01-000u-02-08,16,38,57,76,108
a01-000u-04-01,29,62,105
a01-000u-04-03,8,25,37,56,66,84,95,98,113
a01-000u-04-06,14,31,50,62,76,91
a01-000u-06-00,17,27,36,53,64,76,89,108
a01-000u-06-05,15,29,41,58,72,88,105
a01-000x-00-03,6,10,17
a01-000x-00-04,20,30
a01-000x-00-05,12,20,32,37,46,57,66,74
a01-000x-01-02,12,29,41,51,64
a01-000x-01-06,5
a01-000x-01-07,10
a01-000x-01-08,3,14,27,40
a01-000x-01-09,11
a01-000x-03-01,13,23
a01-000x-03-03,10,24,42
a01-000x-03-05,3,13,25,39,48,62,76,82,94
a01-000x-04-01,11
a01-000x-04-04,10
a01-000x-04-05,10,21,29,42,52
a01-000x-04-07,19,29
a01-003-00-00,9,13,17,23,30
a01-003-00-03,24,34,47,53,59
a01-003-00-06,12,24,36,51,63,78
a01-003-01-02,4
a01-003-02-04,10,21,35,48,56,71,83,95,105
a01-003-04-02,16,25,36,45,52,63,76,85,100
a01-003-05-03,15,28,34,44,57,84,84,101
a01-003-06-02,23,29,42,53,72,72
a01-003-06-03,16,24,58,68,80,95,116
a01-003-07-07,18,32,46,56,65,74,87,97
a01-003u-00-00,22,34,59,81,104
a01-003u-00-01,12,32,47
a01-003u-00-03,24,44,59,81,102
a01-003u-01-00,14,30,51,65,84,110
a01-003u-01-04,20,39,53,70,81,94,106
a01-003u-01-06,10,33,60,75,99
a01-003u-04-01,18,49,78
a01-003u-04-03,18,37,66,79,104
a01-003u-04-05,16,27,38,52,68,85
a01-003u-05-00,14,26,37,46,59,73,89,101,116
a01-003u-05-03,14,25,41,58,75,95
a01-003u-06-01,13,29,39,48,58,73,96,108
a01-003u-06-04,15,50,67,87,103
a01-003u-07-01,12,25,51,64,80,96,111
a01-003u-07-04,14,47,47,59,94,113
a01-003u-07-05,18,45,76
a01-003u-08-03,17,36,58,96
a01-003x-01-00,6,13,18,25
a01-003x-01-01,12,18,23,30,35,39,42
a01-003x-01-02,8
a01-003x-01-03,8,17,29,36,47
a01-003x-01-04,16
a01-003x-01-06,6,11,19,30,30
a01-003x-01-07,11
a01-003x-01-08,8,19,29
a01-003x-04-00,17,27,27,39
a01-003x-04-01,15,26,38
a01-003x-04-02,18,30,39,50
a01-003x-04-03,8,12,20,29,34,42
a01-003x-04-04,5,11,11,18
a01-003x-04-05,9,19,28,37
a01-003x-04-06,6,23,32
a01-003x-04-07,9,18,25,34,42,51,61,72
a01-003x-04-09,6,12,17
a01-003x-05-00,15,26,39,55,66
a01-003x-05-01,18,32
a01-003x-05-03,7,18
a01-003x-05-04,7,15,21,30,38,46
a01-003x-05-05,21,34,60,73,90,104,116
a01-003x-05-07,14
a01-003x-05-08,11,27,32,32,40,53,53
a01-003x-06-00,11,23,37
a01-003x-06-01,13,24
a01-003x-06-02,14,30,44,58
a01-003x-06-03,6
a01-003x-06-04,11,19,27,39
a01-003x-06-05,13,25,38,52,63
a01-003x-06-06,17
a01-003x-06-07,10,25,35,42,48,57,68,77
a01-003x-06-08,15,15,36
a01-003x-07-00,12,28,28,41
a01-003x-07-01,12,23,36,47,60
a01-003x-07-02,13,27,40,56,66
a01-003x-07-03,13,24
a01-003x-07-04,8,18,30
a01-003x-07-05,13,27
a01-003x-07-06,9,14,21,28
a01-003x-07-07,17,33,42,51
a01-003x-07-08,14,23,33,42
a01-003x-08-00,10,20,29,35,45
a01-003x-08-01,14
a01-003x-08-07,13,28,45,45,60,77,89,95,103
a01-003x-08-08,4,19,19,33,42,52,62,79,88,97,110
a01-007-00-04,17,37,57,73,95
a01-007-00-05,6,15,23
a01-007-00-06,25,35,49,65
a01-007-01-02,17,26,36
a01-007-01-03,10,21,35,48,58,67
a01-007-02-04,8,17,29,40,53
a01-007-02-06,12,27,46,46,55,63,72,83
a01-007-03-00,11
a01-007-03-02,28,44,44,64,78
a01-007-03-03,12
a01-007-03-06,15,25
a01-007-03-08,15
a01-007-03-09,25,38,64,85,94,94,108
a01-007-04-00,9,30,50,62,79
a01-007-04-07,8
a01-007-05-00,38,48,73,94,106,120
a01-007-05-03,17,42
a01-007-05-04,21,33,47,65
a01-007-05-05,14,26,35,45,54,68
a01-007-05-06,17,30,41,50,59,76,84,96,104,113
a01-007-06-00,19,28,39,47,53,64
a01-007-06-01,12
a01-007-06-02,20,29,37,43,52,59,59,72
a01-007-06-03,22,40,49,62,74,84,94
a01-007-06-04,15,27,27,38
a01-007-06-05,8,17,27,35,40
a01-007-06-06,11
a01-007-07-00,10,18
a01-007-07-01,6,15,24,30,35,44,50
a01-007-07-02,14
a01-007-07-03,9,19,27
a01-007-07-04,11,23
a01-007-07-05,3,13,13,19,23,28,33,41,47
a01-007-07-06,7,14,22
a01-007-08-00,17,26
a01-007-08-01,21,21,31,39,48,63,63,74,88
a01-007-08-03,17,29
a01-007-08-04,18,30,39,49,58,65
a01-007-08-05,24,34,47,74,86,97
a01-007u-00-04,11,30,55,73
a01-007u-00-05,5,16,34
a01-007u-01-00,23,32,44,54,67,80,96,110
a01-007u-01-01,25,52,52,86
a01-007u-01-03,16,32,45,71,85,100
a01-007u-01-06,11,35,63,82,100
a01-007u-02-00,14,24,37,48,57,76,89,109
a01-007u-02-01,29,50,81,100
a01-007u-02-03,15,33,54,74,106
a01-007u-03-02,21,45,73,99
a01-007u-03-09,9,28,59,79,91,113
a01-007u-04-00,10,27,55,70,95
a01-007u-04-05,12,30,49,64,78,93,101
a01-007u-04-06,18,35,60,83,108
a01-007u-05-01,21,34,69,91,107
a01-007u-05-06,14,31,44,60,79,97
a01-007u-06-00,13,23,32,40,55,55,70,85,96,106,118
a01-007u-06-03,23,37,53,69,87,102,117
a01-007u-06-04,28,39,57,75,88,101,110
a01-007u-07-01,15,38,55,72,96
a01-007u-07-02,17
a01-007u-07-04,10,10,29,46,60,78,97,113
a01-007u-08-01,10,21,35,44,54,68,88,103
a01-007u-08-02,8,21,21,37
a01-007x-03-03,14,32
a01-007x-03-04,14,28,39,47
a01-007x-03-05,8
a01-007x-03-06,15,25,54,79,94,111
a01-007x-03-07,11,19,34,44,56
a01-007x-03-08,9,23
a01-007x-03-09,14
a01-007x-04-00,14,27,43
a01-007x-04-02,11,22,32,43,57,57,66,75
a01-007x-04-04,6
a01-007x-04-05,19,30,52,66,75,85
a01-007x-04-07,23,44
a01-007x-05-00,16,39
a01-007x-05-02,19,24,29,40,48
a01-007x-05-03,19,30,38,47,58,76,87,97,103,103,113
a01-007x-05-04,12,24,33,56,56,61
a01-007x-05-05,9
a01-007x-05-06,14,24,32,40,55,64,71
a01-007x-06-00,14,30,44,59,69,84,91
a01-007x-06-01,11,23,44
a01-007x-06-02,9,18,23,29,36
a01-007x-06-03,18
a01-007x-06-04,5,14
a01-007x-06-05,8,17,21,35,35,44,50
a01-007x-06-06,16
a01-007x-06-07,6,14,21
a01-007x-06-08,12,28
a01-007x-07-00,7,13,13,20,24,29,33,33,40,45
a01-007x-07-01,4,9,18
a01-007x-07-03,14,24
a01-007x-07-04,11,16,21,27,34,41,49
a01-007x-07-06,18,36
a01-007x-07-07,16,27,41,52,59,72
a01-011-00-02,18
a01-011-00-03,18,25,38,50,58,65
a01-011-00-04,14,28,43,59,78,103,103
a01-011-00-05,17,31,44,44,57,70
a01-011-00-06,22,35,51,59,75,75,97,113
a01-011-00-07,6,19,33,38,38,51,57,70,82,82,89,99,108
a01-011-02-01,9,25,25,41,57,78,88,88
a01-011-02-03,13,30,45,54,69,84
a01-011-02-06,27,39,53,53
a01-011-02-08,18,32,51,70,87
a01-011-02-09,7,7,15,25,36
a01-011-03-00,13
a01-011-03-01,14,14,24,24,37,49,70,80
a01-011-03-03,11,29,58,86,107
a01-011-03-04,14,36,61,85,103
a01-011-03-06,14,26,35,45,56,56
a01-011-03-09,9,19
a01-011-04-00,9,9,18,28,38,45,45,45,55,66,77
a01-011-04-01,10,20,33,44,50,57,57,74
a01-011-04-02,19
a01-011-04-03,9,15,27,37,50,67,83
a01-011-04-04,9,9,19,19,26,34,43,55
a01-011-05-01,27,40,49,61,77,90,99
a01-011-05-02,12,27,43,60,69,82,97
a01-011-05-04,22,40
a01-011-05-05,12,30
a01-011-05-06,7,19,29,45,45,60,60,76,91
a01-011-05-07,10,17,28,44,55,64,77,88
a01-011-06-01,6,20,36
a01-011-06-02,15,31,43,43,55,67,67,79
a01-011-06-10,7,22,34,47,60
a01-011u-00-01,9,21,36
a01-011u-00-03,13,29,45,60,93,111
a01-011u-00-04,13,30,48,65,87,87,102,102,112,112
a01-011u-01-01,20,37,50,57,58,73,94,113
a01-011u-01-02,3,14,27,39,51,59,70,70,85,93,93,105,115
a01-011u-02-01,16,31,53,53,65,87,106
a01-011u-02-02,23,35,64,93,105,127
a01-011u-03-01,21,35,48,48,60,73,91,112
a01-011u-03-02,14,14,29,44,67,81,94,115
a01-011u-03-04,12,31,52,52,61,61,89,110
a01-011u-04-02,15,37,55,84,104
a01-011u-04-03,13,33,61,92
a01-011u-04-05,19,31,49,68,87,111
a01-011u-04-07,15,33,56,56,90,107
a01-011u-05-00,14,35,60,83,83,98
a01-011u-05-02,33,54,67,80,102
a01-011u-05-07,10,19,33,33,40,52,68,80,90,90,102
a01-011u-06-00,18,32,47,64,77,96
a01-011u-06-05,18,28,46,69,82,97
a01-011u-07-00,22,37,46,56,70,79,93
a01-011u-07-02,27,43,53,69,87,87,106,114
a01-011u-07-03,28,42,59,74,88,102,114
a01-011u-08-00,14,29,42,57,83,91,117
a01-011u-08-01,14,44,44,56,70,83,98,109
a01-011u-08-05,21,39,60,74,88,104,127
a01-011u-09-01,6,20,37,46,60,72,84,99
a01-011u-09-04,14,31,39,50,65
a01-011u-09-06,14,33,53,76,76,97
a01-011x-08-00,14,27,45,54,54,61,75
a01-011x-08-02,7
a01-011x-08-03,2,11,16,18,18,24,28,32,40
a01-011x-08-06,6,13,19,19,23,28
a01-011x-08-07,8
a01-014-00-02,24,46,65,65,79,95
a01-014-00-03,18,31,53,72,87,107
a01-014-00-06,10,20,36,52,62,72,78,78,90,106
a01-014-01-01,17,32,53,80,98
a01-014-01-02,26,41,67,101,101
a01-014-01-04,17,43
a01-014-01-05,6,17,17,25,25,33,40,52,61,69,83,90,103,111,117
a01-014-02-04,16,32,32,46,66,81,97,97,109,109
a01-014-02-06,16,25,38,53
a01-014-08-00,18,30
a01-014-08-05,15,26,26
a01-014-09-00,26,44
a01-014-09-03,7,24,34,54,69,83,90
a01-014u-00-02,21,49,49,63,79,90,90
a01-014u-00-03,26,37,62,80,80,95,111
a01-014u-01-02,12,27,27,49,79,105,105
a01-014u-01-03,9,35,53,53,78
a01-014u-03-00,9,29,48,48
a01-014u-03-01,14,29,51,68
a01-014u-05-00,18,31,46,53,53,70,83,96,96,109
a01-014u-06-03,8,18,27,37,55,70,70,83,83,97,97,104
a01-014u-07-06,27,27,45
a01-014u-07-07,19,33,44,70,82,82,90,100,114
a01-014u-08-01,18,35,57,57,75,95,110,121,121
a01-014x-00-00,10,15,25
a01-014x-00-01,12,17,23,27,27
a01-014x-00-02,21,37,47,49,58,72
a01-014x-00-03,18,18,28,42,51,66,66,85
a01-014x-00-04,10,15,15,22,30
a01-014x-00-06,9,16,24,31,37,43,43,49,55,65
a01-014x-01-00,13,26
a01-014x-01-01,16,31,45,45,62,75
a01-014x-01-02,18,35,50,64
a01-014x-01-05,14,24,24,29,40,40,47,56,56,64,74,83,93,102,111,120
a01-014x-02-00,5,12,20,30,37
a01-014x-02-02,12,26,40
a01-014x-02-03,27,43
a01-014x-02-04,22,37,54,77,89,101,101,112
a01-014x-02-06,10,15,15,23,30
a01-014x-06-05,13,17,25,31,38,45,53,62
a01-014x-06-07,13,21,29,29,32
a01-014x-07-00,6,14,20,20,25,37
a01-014x-07-03,27,41
a01-014x-07-04,11,17,22,22,27,34
a01-014x-07-05,7,12,17,23,32,40,46,51,58,58
a01-014x-07-07,9,17,17,24,32,32,41,55,62,74,81
a01-014x-08-00,15,28
a01-014x-08-01,11,26,37,48
a01-014x-08-03,8,16,29,29,39,45
a01-014x-08-05,14,26,26
a01-014x-08-06,20,38,49,49,64
a01-014x-08-07,26,45,59
a01-014x-08-08,28,43
a01-014x-09-00,23,34,45,69,76,86,94,107
a01-014x-09-02,7,16,27,27,37,44,44,51,58
a01-020-00-00,22,33
a01-020-00-01,17,37,56,69,87,104,104
a01-020-00-02,23,34,53
a01-020-00-05,8,8,27
a01-020-00-06,8,15,33,40,53,59,69,86,86,97
a01-020-01-00,11,26,44,58,58,73,89,99,108
a01-020-01-01,19,35,57,67,67
a01-020-01-03,12,12,31
a01-020-01-06,17,35
a01-020-02-03,16
a01-020-03-01,8,23
a01-020-03-02,16,30,41,55,69,87,101,101
a01-020-03-04,13,20,38,46,56,72,85,85
a01-020-03-05,10,15,21,28,41,41,55,61,73
a01-020-04-00,14,24,38,52
a01-020-04-03,11,15,15,27
a01-020-04-04,11,28
a01-020-04-05,19,30,35,40,56,73,89
a01-020-04-06,9,32
a01-020-04-07,14,30,30,44,53,69,81
a01-020-05-00,18,29,29,38,48,61,66,75
a01-020-05-01,5,18,28
a01-020-05-03,6,13,23,35,35,42,53
a01-020-05-05,17,28,36,47,58,75
a01-020-05-06,18,29,42,52,66,81,93,93,103
a01-020-06-01,6,13,23,35,51,58,67
a01-020-06-02,11,28,46
a01-020-06-03,7,15,15,28,37
a01-020-06-06,9,19,28,28,39,49,55,64,82,96
a01-020-07-00,20,30,39
a01-020-07-01,30,45,62
a01-020-07-02,16
a01-020-07-03,28,43,43,56,56,73,96,96,110
a01-020-07-04,10,30
a01-020-07-05,16,28,44,44,58,58,70,77,93
a01-020-07-06,11
a01-020-08-00,14,25,25,38,58,76,92,97
a01-020-08-01,22,39,65,65,79,99
a01-020-08-02,14
a01-020-08-03,13,26,36,50,64
a01-020u-00-01,19,38,57,72,86,106,106
a01-020u-00-06,11,23,37,50,63,71,83,97,110
a01-020u-01-01,7,23,41,56,76,93,93,102,114
a01-020u-01-02,23,48,83,104,104
a01-020u-01-03,17,33,54,71,85,97
a01-020u-02-00,30,52,73,95
a01-020u-02-02,29,42,71,107
a01-020u-02-08,8,26,26,45,59,78,88,103
a01-020u-03-01,17,38,49
a01-020u-03-05,14,29,40,40,53,73,94,108
a01-020u-04-03,28,43,63,106
a01-020u-05-00,14,27,36,36,47,66,78,107
a01-020u-05-02,19,37,52,73,73,101,113,113
a01-020u-05-03,19,37,52,63,63,77,90,90,104
a01-020u-06-00,8,21,36,52,63,79
a01-020u-06-02,13,31,47,63,82,100
a01-020u-06-03,13,24,37,54,54,73,91,99,113,113
a01-020u-06-05,10,23,38,58,77,88,105
a01-020u-07-01,16,38,70,96
a01-020u-07-04,9,23,36,47,60,60,68,81,98,110
a01-020u-07-06,47,71,93
a01-020u-08-01,18,32,49,71,71,92,113
a01-020u-08-03,13,31,49,67,80,92,108
a01-020u-08-06,15,28,43,58,72,83,103,103
a01-020u-09-00,21,46,71,94
a01-020x-00-00,19,34
a01-020x-00-01,17,32,46,53,53,64,78,101
a01-020x-00-06,9,20,34,46,57,65,78,97,108
a01-020x-01-00,8,25,46,58,58,76,86,97,108
a01-020x-01-01,17,30,43,55
a01-020x-01-02,12,12,24,31,41,48,57,69
a01-020x-01-03,9,26
a01-020x-02-00,14,22,36,60
a01-020x-02-03,19
a01-020x-02-04,14,31
a01-020x-02-06,12,28,43,60,75,86,101
a01-020x-02-08,12,28,33
a01-020x-02-09,9,16,28,42
a01-020x-03-00,8
a01-020x-03-01,8,26
a01-020x-03-02,16,26,37,45,55,71,86
a01-020x-03-05,10,18,23,35,49,67,67,73,83
a01-020x-03-07,19,37,57,75
a01-020x-04-00,9,18,30,44
a01-020x-04-01,27
a01-020x-04-03,13,23,35
a01-020x-04-05,19,27,38,48,59,59,70,86
a01-020x-04-06,10,25
a01-020x-04-07,14,31,45,67,89,101
a01-020x-05-05,13,24,33,42,50,59
a01-020x-05-06,15,26,35,35,47,57,69,80,91,91
a01-020x-06-00,8,8,16,33,47,59,66,77,77
a01-020x-06-01,11,24,40,40
a01-020x-06-02,4,14,29,41
a01-020x-06-05,12,24,52,58,69,79,98,105,109
a01-020x-07-00,13
a01-020x-07-02,9,23
a01-020x-07-03,11,11,22,35,45,55,55,60,60,66
a01-020x-07-06,10,21,31,41,51,63,75
a01-020x-07-07,18,18,30,45,59,72
a01-020x-08-01,12,27,36,47,47,58,58
a01-026-00-00,20,38
a01-026-00-02,21,37,51,66,90,109
a01-026-00-06,8,16,23,31,31,40,40,48,48,56,64
a01-026-01-01,15,33
a01-026-01-02,15,27,48,75,92,111
a01-026-01-03,7,24,40
a01-026-01-06,9,30,43,54
a01-026-01-07,15,31,47
a01-026-01-08,14,22,35
a01-026-03-03,10,21,21,36,47,47,62,69,69,83,94,110,121
a01-026-03-05,22,40,66,94,111,111
a01-026-04-00,14,24,41
a01-026-04-01,11,24,38,38,50,63,73,79,89
a01-026-04-04,12,12,35
a01-026-04-07,19,35,49,59,69,69,81
a01-026-05-00,9,27
a01-026-05-02,26,45,68,85,98,118
a01-026-05-03,9,19,25,31,31
a01-026-06-00,19,37
a01-026-06-02,15
a01-026-06-03,15,15,22
a01-026-06-04,11,23
a01-026-06-05,17,26,34,41,56,64,77
a01-026-06-07,17,26,26,36,66
a01-026-08-00,11
a01-026-08-01,13,24,37,37,51,66,80,91
a01-026-08-02,15
a01-026-08-04,21,28,28,40,55,72,94,108,108
a01-026-08-05,10,21
a01-026-08-06,10,33,33,46,61
a01-026-09-00,16,25
a01-026-09-01,17,31,46,68,68,78,86,90,105
a01-026u-00-02,23,39,56,71,90,109
a01-026u-00-05,16,32,42,55,77,91,111
a01-026u-01-06,14,42,72
a01-026u-03-00,20,32,51,60,74,92,107,107
a01-026u-03-02,11,32,49,67,82
a01-026u-04-03,13,35,54,84,110
a01-026u-04-05,36,53,76
a01-026u-05-00,9,24,42,42,56,72,82,93,111
a01-026u-06-02,29,43,64,81,96,114
a01-026u-07-02,49,66
a01-026u-08-04,20
a01-026u-09-00,11,30,43,45,54,79,100
a01-026u-10-01,19,19,27,27,39,58,80,93,109
a01-026u-10-02,12,31
a01-026u-10-05,24,43
a01-026x-00-00,19,30
a01-026x-00-01,16,26,39,39
a01-026x-00-02,24,36,47,55,63,76
a01-026x-00-04,21,40
a01-026x-00-05,5,16,22,35,50,56,68
a01-026x-00-06,6,10,16,16,21,26,32,41,41,54,54
a01-026x-00-08,16,16,27,43,54,68
a01-026x-01-02,16,32,58,81,97,109
a01-026x-01-03,15,34,51
a01-026x-01-06,16,33,33,46,61
a01-026x-01-07,18,38,49
a01-026x-02-01,25,25,43,60,78,97
a01-026x-02-05,22,30,42,56,73,82,94
a01-026x-03-00,7,12,20,30,38
a01-026x-03-02,20,30
a01-026x-03-03,24,36,43,43,55,69,77,89
a01-026x-03-04,24,37,54,54,66,76,84,96
a01-026x-03-05,8,8,16,24,33,40,47,53,65,65,74
a01-026x-06-01,19,35
a01-026x-06-02,27,41,66,79,93,102,114
a01-026x-06-03,8,12,19,25
a01-026x-06-06,8,17,23,34,41,41,50,57,66,75,86,92,100,109,116
a01-026x-07-00,6
a01-026x-07-01,12,20
a01-026x-07-02,10,16
a01-026x-07-03,12,18,24,32,40,46,54,54
a01-026x-07-05,17,28,59,65
a01-026x-07-06,25,34,51,60,73,89,98
a01-026x-07-07,9
a01-026x-07-08,12,26
a01-026x-08-00,18,26,47,47,64,79,95
a01-026x-08-01,11,16,22,28,36,45
a01-026x-08-02,27,38,51,62,69,84,90,102,113
a01-026x-09-00,10
a01-026x-09-01,21,29
a01-026x-09-03,8,17
a01-026x-09-04,17,35,45,45,61
a01-026x-09-05,20,27,27,37,52
a01-026x-09-06,24,39
a01-026x-09-07,24,34,44,66,76,86,96,106
a01-030-00-00,20,35,35,49,63,81,92,106
a01-030-00-04,31,44,75,95,105
a01-030-00-06,9,28
a01-030-03-05,9,20,30,30,38,54,67,77,86,101,101
a01-030-03-07,9,25,46,61,78,99
a01-030-03-09,9,17,40,54,64,85
a01-030-04-02,18,32
a01-030-04-03,11,26
a01-030-04-05,13,22,31,41,54,65,80
a01-030-04-06,11,22,47,62,62,75,94,103
a01-030-04-09,15,22,30,30,38,45,54
a01-030-06-02,12,21,21
a01-030-06-03,22,35
a01-030-06-05,8,14,26,34
a01-030-06-06,14
a01-030-06-07,10,18,26,34,34
a01-030-06-08,12,21,35,55,65,78,91
a01-030-06-10,18,31
a01-030-07-00,6,13,22,22,33,44,44,53,53,66,66
a01-030-07-01,17
a01-030-07-02,13,25
a01-030-07-03,7,22,22,41,65
a01-030-07-04,17,37
a01-030-07-05,9,25,41,56,64,76,87,103,116
a01-030u-00-00,18,32,47,64,64,85,85,97,97,107
a01-030u-04-05,9,30,41,41,48,67,67,81,94,114
a01-030u-07-05,15,30,42,56,78,90,90,112
a01-030u-09-00,13,29,49,71
a01-030x-00-01,16,34,34,51,65,81,93,101
a01-030x-00-04,28,42,73,88,108
a01-030x-02-03,13
a01-030x-02-04,9,23,34
a01-030x-02-06,12,25,36,44,54,67,82,93
a01-030x-03-08,19
a01-030x-04-01,14,29,43,58,58,75,90
a01-030x-04-04,7,21,21,29,39,48,61,72,83,83,93
a01-030x-06-00,8,23,44,54,67,77,84
a01-030x-06-01,13,27,38,38,52,72,86,99
a01-030x-06-02,11,20,31,45,45,59,70,94,94,110
a01-030x-07-02,13
a01-030x-07-03,10,18,28,37
a01-030x-07-04,15,29,46,69,84,100,115
a01-030x-07-07,12,25,35,35,57
a01-030x-08-05,10,21,38,46,46,56,67,77,93,104
a01-030x-08-06,9,27,51,65
a01-038-00-02,9,20,34,47,59,63,73,73
a01-038-01-04,16,29,43,58,89,102,113,118
a01-038-01-05,16,43
a01-038-01-06,16,42,63,91,91
a01-038-02-00,16,31,48,64,87,87,110,110
a01-038-02-03,26,51
a01-038-05-01,14,34,34,51,61,81
a01-038-05-05,31
a01-038-07-04,18
a01-038-07-06,18
a01-038-12-00,21,43,63,92
a01-038x-00-00,14,23
a01-038x-00-02,5,13,17,17,22,27,27,34
a01-038x-00-03,8,15
a01-038x-00-04,7,18,18
a01-038x-00-06,9,14,19,23,26,26,35,35
a01-038x-01-00,14,24
a01-038x-01-01,4,11,20,28,33,41
a01-038x-01-02,8
a01-038x-01-03,7,14,20,25,25,31,31
a01-038x-01-04,8,16
a01-038x-01-05,7,15,15,24,33
a01-038x-01-06,9,15,26,26,36,48,55
a01-038x-01-08,10,16
a01-038x-02-00,14,22
a01-038x-02-01,6,11,17,22
a01-038x-02-04,6,11,17,17,26
a01-038x-02-05,7,13
a01-038x-04-00,8,18,23,30,38
a01-038x-04-02,18,26
a01-038x-04-04,7
a01-038x-04-06,7,14,14
a01-038x-04-08,13,17,25
a01-049u-02-05,11,33,33,51,68,90,111
a01-053u-06-04,9,22,33,44,51,65,65,78,91,99,113
a01-053u-06-05,17,33,47,67,81,100,100,119
a01-063x-01-04,8,17,25
a01-091-04-02,8,22
a01-091-04-03,11,13,13,22,35,47,58,73,76
a01-096u-04-03,14,33
a01-096u-04-07,12,26,33,43,43,58,70
a01-096u-05-03,23,23,43,70,84,103
a01-102-00-01,9,16,23,29
a01-102-00-04,6
a01-102-01-01,11,22
a01-102-05-01,9,17,25,33,38,45
a01-102-05-06,20,37,48,61
a01-102-07-01,10
a01-102-07-04,8
a01-102-07-05,18,32
a01-102-07-06,11,18
a01-102-08-03,24
a01-102-08-04,17,37,51
a01-102-09-01,13,35
a01-102-09-04,5
a01-102-09-06,13,29,39,53
a01-102-10-00,24,39,48
a01-102-10-02,7
a01-107-04-01,10,22
a01-107-04-02,5,14,18,25,33,38
a01-107-04-04,13,22,32
a01-107-04-07,5,10,14,18,21,26
a01-107-04-08,8,13,19,27,34
a01-107-04-09,4,11,15
a01-107-04-11,12
a01-113-00-00,12
a01-113-00-01,6,16,21
a01-113-00-02,8,17,27
a01-113-00-03,8,17,27
a01-113-00-04,6,15,22,26
a01-113-00-05,5,8,16,20,26,33,40,44,48
a01-113-00-06,4
a01-113-00-10,9,15,19,22,26
a01-113-01-02,5,10,16,22,28,36,39,46,49,53,56,59
a01-113-01-04,3,8,13
a01-113-01-05,7,19,28
a01-113-01-06,4
a01-113-01-09,4,10,14
a01-113-02-00,15,21,32,39
a01-113-02-01,7,12,18,25,29,36
a01-113-02-03,9,28,40,50,59,76,87,96
a01-113-02-04,13,24,33,45,55,67
a01-113-02-05,2,7
a01-113-02-06,5,17
a01-113-02-07,6,12,16,20,23,28,33,38,41
a01-113-03-00,15,25,34,43,50,62,69
a01-113-03-02,8,19
a01-113-03-03,4
a01-113-03-04,16,22,32,39
a01-113-03-05,10,19
a01-113-03-06,10
a01-113-03-07,8,17
a01-113-03-08,4,9,21,27,31,37,44,52,59,64
a01-113-03-10,7,17
a01-113-03-11,6,13,19
a01-113-03-12,4
a01-113-04-00,4,8,12
a01-113-04-02,6,12,18,24,27,31,35,39,39
a01-113-04-04,7,18,26
a01-113-04-05,3
a01-113-04-07,9,20,33,41,49
a01-113-04-08,13,25,31,39
a01-113-04-09,4,10,17,24,24
a01-113-04-10,7,15
a01-113-05-00,6,11,14,19,22,28,28
a01-113-05-02,8,15,23,30,37
a01-113-05-03,5,13,17,23,31,34,39
a01-113-05-04,9,22
a01-113-05-05,8,14,24,32,40,46
a01-113-05-09,17,23,29,40
a01-113-06-00,10,22,45,52,65,82,91
a01-113-06-01,9,18
a01-113-06-02,11,22,28,35,43,52
a01-113-06-03,21,31,39,48,55,65,82,91,102
a01-113-06-04,10,19,31,40,55,64
a01-113-06-05,8,17,30
a01-113-07-00,12,20,30
a01-113-07-02,12,29,47
a01-113-07-03,11,20,30,41,53,65
a01-113-07-04,5
a01-113-07-05,7,17
a01-113-07-06,5,8,16,25,32,38,42,49
a01-113-07-07,10,16,24,35,44
a01-113-07-08,7
a01-113-08-00,8,20
a01-113-08-01,9,18,25,35,44
a01-113u-02-01,15,30,48
a01-113u-03-04,17,35
a01-113u-08-00,29,42,61,87
a01-113u-09-05,16,33,49,64,85,100
a01-117-01-00,6,15,22,36
a01-117-01-01,8,21,37
a01-117-01-02,8,22,38,52,62,76
a01-117-01-03,12,26
a01-117-01-05,21,35,49
a01-117-01-10,16,30
a01-117-02-03,7
a01-117-03-00,13,21,34,42,52
a01-117-03-02,5,12,17,22,29
a01-117-03-03,6,7,7,12,20
a01-117-03-08,9,16,28,39
a01-117-04-00,22,34,45
a01-117-04-05,14,22,27,41,49
a01-117-05-04,14
a01-117-06-00,9
a01-117-06-02,9
a01-117-06-03,24,36
a01-117-06-04,9
a01-117-06-05,8,23
a01-117-06-06,8,16,22,26,34,45,50
a01-117-07-00,8,22,35
a01-117-07-02,13,27,38,46,60
a01-117-07-03,11,20,29,34,42,48
a01-117-07-04,5,21
a01-117-07-05,11,17,25
a01-117-07-06,12,24,33,40,48
a01-117-08-00,5,13,24,34,41,49,57,67
a01-117-08-06,9
a01-117-08-07,14
a01-117-09-03,7,18
a01-117-09-04,6,18,31
a01-117-09-05,6,11,22,31
a01-117u-04-01,7,18,28,28
a01-117u-05-01,42,52,73,73,105
a01-117u-07-02,24
a01-122-02-05,13,24,24,50,67,75,84,84,92,101
a01-122-04-03,20,37
a01-122-04-04,18,28,41,53,60
a01-122-04-05,7,18
a01-122-04-06,20,34,43,50,69,78,87
a01-122-04-07,6,16,29,40
a01-122-04-08,16,42,53
a01-122-04-09,20,36,47
a01-122-05-00,8
a01-122-05-01,6,18
a01-122-05-03,5,13,21
a01-122-05-06,4
a01-122-07-01,6
a01-122-07-04,11,27,43,56
a01-122-07-05,17,30
a01-122u-09-04,22,50,72,95
a01-128-00-00,21,36,45
a01-128-00-01,14,25
a01-128-00-03,14,33
a01-128-01-01,5,13,21
a01-128-01-04,14,29
a01-128-04-06,15,27,37,43,50
a01-128-04-07,11,19,30,44,51,63,69
a01-128-05-00,16,22
a01-128-05-03,8
a01-128-05-05,16,26,39,51,58
a01-128-05-07,12,26,37
a01-128-05-09,7,21,34
a01-132-07-06,13,28
a01-132-08-07,10,23,50,78,103
a01-132-09-04,10,17,27
a01-132-09-06,13,22,50,62,70,78,91
a01-132-10-02,17,40,55,63,80,97,119
a01-132u-06-06,18,41,63,101
a01-132u-07-00,34,55,80,97,110,127
a01-132u-07-02,15,52,88,120
a01-132u-07-05,17,44,70,106
a01-132u-07-06,31,55,76,95
a01-132x-02-07,15
a01-132x-07-00,12,25,38,61
a02-000-00-03,24,28,35,42,53
a02-000-00-05,5,10,15,24,34
a02-000-01-00,14,23,39
a02-000-01-01,8
a02-000-01-02,9,18,26,37,43,49,59,66,81
a02-000-01-03,16,27,38,65
a02-000-01-06,7,20,38
a02-000-02-00,9,21
a02-000-02-01,15,30
a02-000-02-02,12,26
a02-000-02-08,16,33
a02-000-03-01,12,29,36
a02-000-03-02,19,33,47,54
a02-000-03-03,9
a02-000-03-04,17,43,60,74,84
a02-000-03-05,10,25
a02-000-04-00,13
a02-000-04-01,16,29,46,51,58,70,78
a02-000-04-03,21,32,43,53,70,94
a02-000-04-04,4,16,31
a02-000-05-00,9
a02-000-05-02,31,53,76,93
a02-000-05-04,12,31,49
a02-000-06-00,12,28,46,63
a02-000-06-04,8,18,28,33,43,53
a02-000-06-06,16,30,36,45,59,76,87,95,103
a02-000-07-00,11,22
a02-000-07-03,13,31,46
a02-000-07-04,8,24,38,52
a02-004-00-01,16,40
a02-004-00-03,9
a02-004-00-05,29,43,59,77,89,108
a02-004-00-06,15
a02-004-01-00,13,34
a02-004-01-01,16,31,44,77
a02-004-01-02,23,33,55,63,82,95,108
a02-004-01-03,15,30
a02-004-01-04,13,26,42,52
a02-004-01-06,12,23,36,48,61,73
a02-004-02-00,16,33,48,66,82,96
a02-004-02-01,21,34
a02-004-02-03,38,50,64
a02-004-03-01,23,39,54
a02-004-03-02,21,46,68,86
a02-004-03-03,13,36
a02-004-03-05,10,19
a02-004-05-02,19
a02-004-05-03,18,31,41
a02-004-05-06,19,40,58,69
a02-004-06-06,47,60,73
a02-004-06-07,16,37
a02-004-07-00,10
a02-004-07-02,42,55,64
a02-004-07-03,12,31
a02-004-07-06,21
a02-004-07-07,14,34
a02-004-08-00,19,31,72
a02-004-08-01,12,37
a02-004-08-02,21,38,52,90
a02-004-10-01,19,46,65,65,77
a02-008-00-02,12,27,27,46,46,64,75,75,90,100,100,114
a02-008-01-00,6,18,33,50,60,60,71,84,94,106,111,120
a02-008-01-04,9,25,44
a02-008-01-05,5,16,25
a02-008-02-03,19,34,52,75,92
a02-008-02-06,12
a02-008-03-06,9,15,21,28,39,47,53,59,70,79
a02-008-04-00,20,20,35,49,59,68,84
a02-008-04-02,18,35,58,81,102
a02-008-04-08,14,31,31,59,87,106
a02-008-05-07,11,17,31,41,55,73,91,91,106
a02-008-07-02,13,22,31,48,62,75
a02-008-07-03,8,19
a02-008-08-00,13,24,34,45,54,54,63,74,83,91,101
a02-012-00-00,24,52
a02-012-00-04,8
a02-012-00-05,10,23,40,50,60,67,77,96,104,113
a02-012-02-01,34,42,57,70
a02-012-04-04,5,16,21,26
a02-012-04-05,29
a02-012-04-06,25,40,40,59,74
a02-012-05-04,9,27,50,78,94,110
a02-012-07-02,35,60,60
a02-012-07-04,8
a02-012-08-05,34,66
a02-012-08-07,12,22,28,33,39
a02-012-09-02,16
a02-017-00-08,8,14,22
a02-017-01-00,18,41
a02-017-02-03,18,36,51,60,60,74
a02-017-05-00,22
a02-017-06-07,20,32,50,62,86
a02-017-07-03,19,30,45
a02-020-00-01,11
a02-020-01-00,15,23,34,34,52,59,69
a02-020-04-00,12,24,24,34,44
a02-020-04-02,9,16
a02-024-00-00,31,47
a02-024-00-03,15,33
a02-024-03-01,18
a02-024-03-03,16,24,37
a02-024-03-09,13,23
a02-027-00-00,16,34
a02-027-01-03,14,32
a02-027-01-07,12,23,23
a02-027-03-06,15,34
a02-027-06-05,18,36,36
a02-027-08-06,19
a02-032-00-00,13,24
a02-032-03-00,13,28
a02-032-03-01,16,29,40,56
a02-037-00-00,25,45
a02-037-00-03,13,13,24,37
a02-037-00-06,9
a02-037-00-08,7
a02-037-01-01,10,23,34,48,59,70,82,88,102
a02-037-01-02,7,13,20,27
a02-037-03-00,16,16,32,46,56,66
a02-037-03-04,10,21,29,37,47,63,63,72
a02-037-03-08,5
a02-037-05-01,11,22,37,37,45,55,72,94,101,112
a02-037-06-04,11,22,33
a02-037-07-02,8,15,25,35,46,55,64
a02-037-08-00,12,23
a02-037-08-01,14,27,44,61,76,76
a02-037-08-02,30,30,47
a02-042-02-07,26,26,44,55,67
a02-042-06-02,26,35,47
a02-042-06-03,9,9,31,43
a02-046-02-04,15,22,36,50,61,61,80,92
a02-050-01-01,13,20,20,27,34,43,55,68,68,80
a02-050-01-02,8,19,28
a02-050-01-03,8,13,22
a02-050-01-04,10,17
a02-050-01-07,10,10,14,22,30,30
a02-050-01-08,10,10,10,22,33
a02-050-01-09,11,11,21,31,49,53
a02-050-02-00,4,12,18,27,27,33,43
a02-050-02-01,7,19,33
a02-050-02-02,5,19
a02-050-02-03,18,30,38,46,55
a02-050-02-04,7,11,19
a02-050-02-05,6,21
a02-050-02-08,10
a02-050-02-09,4,18
a02-050-03-00,10,18,35,50,59,69,87,95,105,111,117
a02-050-03-04,10,17,17,22,26,34
a02-050-03-05,9
a02-050-03-06,7,12
a02-050-04-00,7,15,20,26,32
a02-050-04-01,15,23
a02-050-04-04,16,23
a02-050-04-05,12,23,32,46,67,82
a02-050-04-07,7,14,23,31,37,42,45,52
a02-050-04-08,5,19,32
a02-050-04-09,6,18,25
a02-050-05-00,27,35,46
a02-050-05-01,6,19
a02-050-05-03,8,19,30,38,50,60,68,80,88,96,105
a02-050-05-04,12,21,32,45,56,64
a02-050-05-05,10,19,28,43,48
a02-050-05-06,19,27,40
a02-050-06-01,11,22,38,49
a02-050-07-01,10,20,30,41,51
a02-053-01-00,11,20,36,44,58,65,77
a02-053-01-02,12
a02-053-01-04,12,31
a02-053-01-05,14,32,53,70,93,105
a02-053-01-07,13,31,43
a02-053-01-11,8,19,33,44,55,60,67
a02-053-02-01,15,25,35
a02-053-02-03,6,14,25,35,50,55,63,72
a02-053-02-04,6,18,26,30,42,52
a02-053-02-06,18,34,48,61,78,86
a02-053-03-00,18,35,44,56
a02-053-03-02,23,45,61,74,100
a02-053-03-05,18,27,35,52,66
a02-053-03-06,15,26,44,58,69
a02-053-03-07,16,26,41
a02-053-04-00,12,25,36,50,54
a02-053-04-01,3,15,19,24,40,45,55,66,74,78,89
a02-053-04-02,25,42,70,88,101,115
a02-053-04-03,16
a02-053-05-00,8,13,19,31,38,51,56,67
a02-053-05-01,15,33,55,76,85,91,97,106,121
a02-053-05-02,15
a02-053-05-06,14,31,53,76,84,91,98,110
a02-053-05-07,13,21,39,49,73,87
a02-053-06-02,6
a02-053-06-03,18,32,40
a02-053-06-04,12,20,30,46,56,72,79
a02-053-06-06,10,16,22,31
a02-053-06-07,12,22
a02-053-07-00,26,41,68,89,107,119
a02-053-07-01,15,33
a02-053-07-02,18,31,44,59,76,82,96,105,114
a02-053-07-03,18,24
a02-053-07-05,11,27
a02-053-07-06,13,23,34,44,51
a02-057-00-00,6
a02-057-00-01,12,20,25,36,50,58
a02-057-00-03,19,40,62,83,97
a02-057-00-06,9,21,35,46,54
a02-057-00-07,22,42
a02-057-03-09,14,29
a02-057-04-00,15,31,51
a02-057-04-01,22,45,85,101,124
a02-057-04-04,6,28,44
a02-057-04-05,26,34
a02-057-06-00,14,34,59
a02-057-07-00,17,30
a02-057-07-03,17,39,55
a02-057-07-05,10,10,20
a02-067-00-02,10,20,38,58,68,83,92
a02-067-05-03,18,42,55
a02-072-03-10,12,24,33
a02-072-04-01,14,26,42,59
a02-072-04-02,7,15,27,35,43,55,67,67,76,85
a02-072-04-04,21,32
a02-072-04-05,8,21,33,44
a02-072-04-06,11,26,37
a02-072-04-08,8,21,42,62,72,84,97,114
a02-072-05-00,18,30,54,70,84,98
a02-072-05-01,10,21,30,42
a02-072-05-06,9,24,33
a02-072-05-08,8,16,23,36,44,51,59
a02-072-05-09,10,21,30,40
a02-072-05-11,8,20,30
a02-072-06-00,8,16,27,37,52,60,72,83
a02-072-06-02,10,16,32,48,69,80,101
a02-072-06-03,11
a02-072-06-04,14,22,34,44,55,66
a02-072-06-07,14,22,49
a02-072-07-01,8,13,22,33,44,54
a02-072-07-02,13,27
a02-072-07-03,7,15,19,28,37
a02-072-07-04,7,23,33,45,56
a02-072-07-05,9
a02-078-00-06,22
a02-078-01-02,8,24
a02-078-01-03,7,26,35
a02-078-01-04,4,14,19,26
a02-078-01-05,8
a02-078-05-03,21,36,48,64
a02-078-05-06,8
a02-078-07-00,12
a02-078-08-06,10,19
a02-078-08-07,10,25,46
a02-078-08-08,11,26
a02-082-00-06,12
a02-082-02-01,11
a02-082-03-02,10
a02-082-05-05,13
a02-082-05-07,22,38,73,93,103,118
a02-082-05-08,11
a02-082-06-00,10,28
a02-086-04-08,15
a02-086-06-04,15,35
a02-086-06-05,18
a02-086-06-06,12,26
a02-086-07-01,6
a02-086-07-03,7
a02-090-04-00,3
a02-090-04-04,11,19
a02-090-04-05,9,20
a02-090-04-08,20,36,55,79
a02-090-04-09,12,21,37,45,55
a02-090-05-00,20,34,55,75
a02-090-05-04,21,40
a02-093-00-00,20,36,53
a02-093-00-01,23,40,69,96,105
a02-093-00-02,26,39,50,63,79
a02-093-00-04,23,34
a02-093-00-07,9,27
a02-093-01-00,8,14,20,28,38,47,54
a02-093-01-01,10
a02-093-01-05,18,34,46,60,71,85,97,120
a02-093-02-01,12,21,33,55,56
a02-093-02-05,20
a02-093-03-07,26,41
a02-093-04-03,10,22
a02-093-05-07,15,31,46,56,70,80,91
a02-093-06-00,9
a02-093-06-04,10,27,35
a02-093-06-05,8,20
a02-093-06-07,10
a02-093-07-02,14,27,37,52,60,72,80,88
a02-098-00-04,12,24
a02-098-00-05,11,19,28,47
a02-098-02-02,12,22,33
a02-098-02-04,8,16
a02-098-03-02,11,24,36,45
a02-098-03-07,8
a02-098-03-08,10,23
a02-098-05-00,10,16,27
a02-098-05-01,15,34,51,68
a02-098-06-07,12,29,43,59
a02-098-06-08,14,31,51
a02-098-07-00,9
a02-098-07-03,10,21,28,37,46,58,67
a02-102-00-01,11,19,31,41
a02-102-00-02,31,43,60,74,88,114
a02-102-00-03,10,19
a02-102-00-05,19,39,52,74,101
a02-102-00-06,9
a02-102-01-00,13,23,36,47,57,70
a02-102-01-02,10,19,32
a02-102-01-05,11,18,32
a02-102-02-01,12,23,36,46,63
a02-102-02-02,11
a02-102-03-00,11,20,30
a02-102-03-02,24,36
a02-102-03-06,15,26,44,62,76
a02-102-04-02,16,26,36,46
a02-102-05-00,12,24,32,37,45,53,61
a02-102-05-05,18,39
a02-102-07-03,14,30
a02-102-07-06,11,17,23,35,49
a02-102-07-07,9
a02-102-08-00,7
a02-106-00-00,13,21,28
a02-106-00-01,21,35,47,64,82,92
a02-106-00-03,12,31,45,55,68
a02-106-00-06,13,33,48,62
a02-106-00-07,10
a02-106-01-05,10,18
a02-106-02-02,31,48
a02-106-02-06,15,24,36,46,54
a02-106-03-00,9,21,27,41,49
a02-106-03-02,8,20,32,48,59,69,80,97,104
a02-106-03-05,24,33,48,63,72
a02-106-04-00,21,39
a02-106-04-03,18,40,47,61
a02-106-04-08,14,23,34,44,52
a02-106-05-00,18,39
a02-106-05-03,12,18
a02-106-07-01,10
a02-106-07-02,11,30
a02-106-07-08,26,44
a02-106-08-02,6,12,23,35,43
a02-106-08-06,13,22,30
a02-106-08-07,7
a02-106-09-00,14,21,31,40,52,62
a02-106-09-01,12,20,31,47,57,63,79,90,101,112
a02-106-09-04,17,31
a02-106-09-05,14,22,33
a02-111-00-00,15,31,45,54,67,81
a02-111-00-03,15,21,29,38
a02-111-00-04,37,48,61
a02-111-00-07,12,29,46,66,84
a02-111-01-03,28,48,63
a02-111-01-05,7,17,30,46,55,65,74,91,99,110,116
a02-111-02-00,24,24,40,50
a02-111-02-01,16,32,50,67
a02-111-02-03,36,46,56
a02-111-02-06,26,43,54
a02-111-03-03,21,35
a02-111-03-04,25,45,74
a02-111-03-05,11,21,33,44,55,65,79,89
a02-111-03-07,31,48
a02-111-03-08,15,29,45,55,75,88
a02-111-04-02,19,31,44,62,78,94
a02-111-05-00,13,24,38,50,62,73,92,102,116
a02-111-05-01,9,21,31,42,51,61,69,77
a02-111-05-02,14,26
a02-111-05-04,11
a02-111-07-00,16,36
a02-111-07-01,24,37,50
a02-111-07-02,10,26,45,61,75,84,96,106
a02-111-07-03,11,28
a02-111-07-05,13,23,33,45
a02-111-08-01,12,25,43
a02-111-08-02,33,46,58
a02-111-08-03,14,32
a02-111-08-06,8,17,25,30
a02-111-08-07,9,17,27,43,58,66
a02-111-10-00,13,21,42,69,79,91,101,117
a02-111-10-01,11
a02-111-10-05,10,22,33,42,59,68,80,91,99,108,119
a02-116-00-00,3
a02-116-00-02,33,44
a02-116-00-03,26,49,60,71,88
a02-116-01-00,12,36,56,70
a02-116-01-05,11
a02-116-01-06,14,40
a02-116-02-00,12,33,53,77,85,93,99,110
a02-116-02-01,12
a02-116-02-03,12,23,27,40
a02-116-02-05,13,23
a02-116-03-01,21,32,47,66,84
a02-116-03-02,9,9
a02-116-03-03,13,39
a02-116-03-04,23,35,57,69
a02-116-03-06,13,34
a02-116-03-07,9,24,42,61,68,75,81,81,88,101,108
a02-116-04-00,14,19,32,43,51,64,73,81,89
a02-116-05-00,14,22
a02-116-05-06,8,18
a02-116-08-01,7,16
a02-120-00-00,19,37
